524 W. 1111111111110116ἢ

1115151611611 (165 111661165165 151 (165]’611136 (165 1ε51611 (1116(165 1116111111(11111611-
166 ΖΟ11(16111 1616111 50361 11111 (16111 11101111161611 (1116(16 11611111061 (165
Ε11(16 (165 Α5165 111116115; (165]’611136 (165 2ε1611 (1116(165 151 61116 50 16113
1116 (116 Ε11(1110151611611. 1365 1ς516 Glied (165 Α1155611651651511111111111
61116111 111(11111611161611. 11611111 11161111061611 Ε11(151661161 1615611611.

1316 1161111611 (Ῥ13. 8) 5111(1 11111 (1161 36116(1611611 8166116111 0(161
516611616111111611611 130151611611, 1011 (1611611 (165 1111111616 6111 1611351611 1517
6115365161161.

1316 1111556 (165 1ῑ51611 Ρ66165 (Ρ13. 9„ (161 1111116 17011 11111611) 5111(17
1011 61116111 (11611611 6136111111111111611611 81661161 (161 101(161611 Α1111161111113
(165 1111161165165 611365611611Ἶ 1011 3611111111116116111 Β611, wie 36110111111611
151 (161 Μ61111161Ῥ106655 (11) 111(11111611161Ἴ 11111 11111 Ζ1161 1116111611ἢ 11611 1110-
1111161116115 1111(1 111111611 6111 811616 ((1)ἢ 501116 11111161 (16111 56611611611611611
11111161136 ((τ) 516611611(1611 Ρ16(16111ὄ151611611 1615611611. 1361 611 (161 1101-
(161611 Α1111161111113 (61) (165 1111161165165 1161636116 4»1655611651 (d) 15111111
11111 61116111 16113611. 363116(1611611, (115161 11111’Ζ36116(1611611 130151611611 161-
5611611. 1316 10111616 1Ᾰ1111161111113 (165 1111161165165 11631 711161 363116(16116
5166116161111116116 Ε11(111ί1151611611, 11616116 (115161 6111561113 11111236116(1611 5111(17
501116 6111611 31055611, 363611 (116 136515 (116116117 6111 Ε11(16 36111111111111611
81661161. (161 61161150 3631160616 6111561113 11111 111 61116111 1611353611611ᾶ611
116151611611 516611611(161 1161611611 6115365161161 151. 1316 1111116116 111111161111113
((3) (165 1111161165165 11631 11 1131606111’0151611611Ἴ 1011 (1611611 6111136 363116-
(1611 5111(1 1111(1 1011 (1611 1111363116(1611611 61115 1611361 615 (116 ’1111113611 151;
(165 111011111616 (165 1111116161] 11616165 151 1111363116(1611.1111116113611, 3616(16
116611 61155611 3611611161611 1161611611.

1316 1311556 (165 2ε1611 1366165 (1113. 10„ (161 1111116 1011 61155611)
1161611611 11111 1115016111 611, 615 (161 56111 (11111116 111155611651 (d) 6111 Ε11(16
6111611 6136111111111111611611 5611611161161110111113611 81661161 oder Zipfel hat, fer-
1161 (161111. (1655 (116 56111111111611611 516611616111111611611 363116(1611611 1315151-
611611 6111 Raude (165 1111161165165 (e) schmaL ziemlich 16113 5111(1. 1361
1116Χί116111106655 (b) 151 1011 361101111116116111 Bau.

1316 1111556 (165 3ῑ1611 1366165 OEig. 11, (161 1661116 von 61155611)
1161611611 61161150 11111 1161113 611. 1361 Μ6Χ11161Ἱ1106655 (bf) 1161 3 Ε11(1-
5166116111. 1011 (1611611 611161 3631166611, 11111610111113 361103611 1111(1 1611361
615 (116 1111113611 151; 116611 11111611 5166111 61116 1161116 1011 7 363116(1611611
1361161111’0151611611. Der 1651 11616611136 Α1155611651 (d) 1161 6111 Η1111611611(16
4 1313151611611. 1011 (1611611 21161 1611336116(1611, 1116111 363116(1611, (116 ’111111-
3611 363116(1611. 6111 (115161611 111611611111··Ζ36116(16115111(1; 1111 111οΧ111161611
Raude, 51661161] (116111 1161 6111611(161 Ζ1161 1111363116(16116 Ρ16(16111ὂ151611611.

