CLADOOERA SUECIAE. 3L5

Raude, 5 3111 anderen 3115665131161 151ς 61 101661 51611 33611 verne 111161
(116 Α115561156116 (165 13116335165 1161101. 1361 1113Χί113111106655 (b) 151
(16111]6316611 (165 2ε1611 Ρ33165 2161311611 3111111613 33611 11111611 findet 51611
6111 Ρο115312 3111 61361 1161116 von 7 dicht steckenden‚ gegliederten‚ (115131
gefiederten 130151611613 113611 31155611 von diesen findet 51611 6111 Ρο115312
3111 61116111 6111556163 und 61316611 1116111611 561111611611, 501116 1161 613151311-
(116-611 8136116111, (161611 21161 111112 1111(1 (11611, (161 (111116 (1111111, 1351 5611611163-
3111111611, 6111561116 1611166116(1611, (161 116116 56113131, quer 111161 (116 beiden
615166331131611 66110663 151. Α111 1311633516 (a) finden 51611 21161 ΑΙ111161-
111116611, (161611 10111616 11111 4 61011611, 111112 66116(1611611 8136116111 501116
113611 1311611 311 der 133515 11111 611161 1161116 1011 4 666116(1611611, (115131
gefiederten 1311151611611 116113111161 ist: die 11131616 311 (1611 Α1155611351 311-
6163263(16 Α1111161111116· 1131 61113 S 1311151611611, (161611 7 6661163611, 11111
(115131 gefiedeff7 (135 8ι16 1116111 6661163611, 1011 1161133515 311 66116(1611151.

1316 11111556 (165 4ς163 Ρ33165 (Τ311. LII, Fig. 1, (161 1661116 1011
3115563, 31156611161161) sind denjenigen der Lynceiden 311111161516115 31111-
11611. 1310113131 1011 (16111 53611311311611611 Anhang. (161· 111 21161561111131
33513111611(16 6611116111 211 5613 561161111, findet 51611 6111 2161111161] 13116 und
16111 11611331161 Zipfel. Der 610556, 1116116 1311611351 16) 1131311 (16111 1351
quer 311665111121611 Ende 113611 111111611 4 kurze 31161 610116. 666116(16116,
(115131 1165136116116 1315151611611 oder 8136116111, 3361113363 4—5) 16111616
Ρ16(161”11111-51(·11611. Ver (16111 111116113516 findet 51611 (161 611135 2116651111216
111311113111106655 (DQ 116161161· 3111 Raude 11111 61116111 1111112611 81361161, ,3111
Ε11(16 33611 31155611 3111 61116111 616611111111111161163, 61055611,135111111610111116·
66111111111111611, 113611111111611 6611611161611, (115131 6111561116 66116(161·1611 130151-
611611, 113611 10136 311 (161 Bagis 11111 61116111 21611111611 61011611, 666116(161·-
1611, (115131 6636361163 Β11151611611, 501116 113611 11111611 von (161 133515 11111
61116111 7 131115101163 1136613163 1311153126 3115665131161 151. Der (1111136,
(1111611516111166 Α115563351 (d) 151 6105561 1111(1 11161161 315 1161 (16111 10116611
Ρ3316, 3111 Raude 11111 61116111 561111131611 116113311611 Zipfel und 8 Fieder-
110151611611 1615611611, (161611 5 116113611111611 61115561 315 (116 ’1111116611 sind.

Die Fi'lsse (165 5ε163 Ρ33165 (Fig. 2, (161 1111116 1011 1111163, 311566-
11161161) 5111(1 (1611]6111663 (161 Lynceiden 3111 1116151611 3113116111), 6111111613
31161· 311611, 0116161611 (161 Α1155611351 1615(·1116(1611 151, 311 (116]’61116611
(161 Accmtlmlehw‘s. Der 81161 ((1) 1131 111111611 6111611 21611111611 66511661(-
1611, 13116· und 16111 116113311611 Zipfel. 13165631 6666331161 1111116151611
10136-133611 (161 11161116, 11111 5 (115131 6611611611611 1311151611611 16156116116

1) Vergl. Z. B. diesen Fuss (165 Lynceus affinis.

