CLADOCERA SUmAE. 523

1651 8161611111611, 101116 61086111111161, 11111161] 111112 211865111121. Die 86116-
16111116111161] 511111 1161111161] 865116111, 1116 11111116161] 81161161] 1651 101181111111-
1161, 1116 01061611, 1011161611 111111 1111161611 1116111 01161 116111861 5611161 1-61-
1611161111.

Der Kopf 161 2161111161] 81055, 011611-111111611 1115 ’111161 1116 Μ1116 1161
861161661116111161] 2111111611 5161] 61511661161111, 1111161] 61116 116111116116, 5611161
11661] 011611-11111161] ν61’16111611116 1111116 von 1161] 8611616111116111161] 61186-
8161121. Das Rostrum 151 16118, von 61161] (365161115111111111611 6115 8656-
1161] (Fig. 3, 1101] 011611) 6611611 211865111121, 11661] 1111161] 111111 6111 1161118
11661] 11111161] 86111111111111. 1)65 Α1186 151 1161 81115561 615 1161Α118611116611,
116161161 1611611] 1161161 615 116111 11051161611116 11616861] ist. Der Ρο115612
1161 011611111116 151 11165518 81055, 11661] 11111611 61186111111161, 11111 116611 11111-
161] 8611111111111161 21186511112161 Η11116166116.

Ε111186, 11611111566111161] von 1161] ,16111652611611 611116118186 1101111611-
ν611611011611 511111 116111611161151161111. [)16 5061161] 1165611116116116 110111] 86-
111111 116111 Ρ11111111]8 111111 116111 8011111161 61]. Die Ρ18111 4 516111 11686861]
61116 11611151101111 1161, 1116 111112 1011161 1Υ1111616161 611861681 hat: 516
2616111161 6161] 1161111161] 6116, 11655 1116 011616 Κο111111 1161 8611616111116111161]
in 1161 Mitte 5161] 11111 6111611] Male 1161116116 11111116110111118 11661] 111111611-
11111611 116181, 11655 1116 8166116111 1161 1111116116111161 1116111, (116 1Ῐ1]1611·6”111161
11601] 11111161] 5611111661] 1101111111* 111111 1161 Η11116111ὃ11161 61111615 8611111111 151.
816 151 611] 15 01110116]ἱ 1161 [psal-<1 861111111611.

Die Fig. 5 816111 61116 61111616 etwas 51161616 Η611151101111 11161161,
11616116 1161115611611111611 61116 16118616 Ζ611 1161·011Υ11116161616118616811161.
Die 011616 Κο111111 151 1116111 1111111118 861108611, 61161 11111161] 8616116,
11111 (16166111611 Ν61811118 1116 1161 1161 5061161] 861161111161] Form: 61161] sind
1116 [11116116111161 116611 11111161] 5611116611 1101111613 Die 8166116111 1161 Hin-
16116111161 511111 11061] 111611161 615 1161 ]61161’, 11611] 1011161611, 6111116116 86-
11618161] Τ11611 1161 13616116111161 16111611 1116 501151 1116 Art 116111126161111611-
(161] 8166116111. Die 8116116118 1161 8611616 561161111 (11611161 615 861101111-
1161] 211 56111. Ε5 151 111656 om Mm. 161186 Form 61]] 25 0111111161 1161
[ΤῙ15616 8616118611,

Die kurzen 11161161] Υο1116111111161 (Fig. 6⁴> 1616116111161116116111 1116111
zum Rosfl‘alende hin. Α1155611-1Ὂ1116, 1115161 von (161 Mitte 5166111 61116
161186, 810556 5611511116 Ρ6111116, 501116 11111611] 1116561 611] 1111121865 5611-
51111165 1311151611611. 861111111116116 Ρ61111161] 511111 1116 1161 Ε1111166111151111
1115161611 Τ116116 6111865611111111.

Die Η11116111111161 (Fig. 7) 511111 111112ς 1116 8611111111111111115161161] 161-
61161] 11611111 1115 2111 Mitte 1161 86116161111161111611. Yon 1161] 5 8611111111111-

