CLADOCERA SUECIAE. 405

Die Η11116111111161 111113. 3) sind kurz„ (116 861111111111111015161161111611111
(116 Μ1116 (161 86116161111161111611 61161611611(1. Der Ε11(151661161 (165 1ε51611
(1116(165 (165 11111 3 86111111111111111151611611 6115365161161611 [1115561165165 ist,
wie- (116 ’1111113611 111 (1611 Ε11(1611 (161 Α516 5166116161611 8166116111,11111“Ζ.
Das 861111111111111’0151611611 (165 2ῑ1611 Gliedes (165 1111161165165 15111111261 615
(116]61113611 (165 3ε1611 (1116(165.

Die Μ6Χ111611 1Ε13. 4) 5111(1 1116111, nur 11111 21161101113 6111111611611611
36116(1611611, 61161 1111363116(1611611 8166116111, 501116 11111 61116111 111(11111611-
161611 1615611611.

Die Fslsse (165 1ῑ51611 Ρ66165 (Fig. 5, (161 1661116 1011 1111161111 Ζ61-
3611 (1111611 1111611 6136111111111111611611 Bau 611. (1655 (11656 (1161111113 615 5016116
3111 1163111111(161 151. Der 81161 ((1) 151 1110111116111161115011(161·11611111611,
abel¹ 1161161 (115161 111 (161 Ν6116 (165 566116111111611611 111111611365 (c) 116611
101116 6111611611 1111(1 611 (116561 1411116116111113 findet 51611 6111 1)(’1151611611-
1163611(161 msc-ker: (115161 1011 (1611156111611 51661ς611 (116 36110111111611611
Ζ11613116(1113611 Βο151611611, 111111 711161 must 611 (1165618161161116 Treu-
11111135111116 2111561161] (16111 111 (1611 Α1155611651 51(·11101·1561Ζ611(1611 ’1111611111111
(16111 1101)(1611611-6115561611 116116611611 Τ11611 (165 8116165 6115. Der 1116111161-
11106655 (bh 151 nur (1111611 Ζ1161 3631161161’·16 130151611611 1611161611. Der
116611 61155611 1161636116 5661161111116116 Δ1111111113 (rs) 151 111 (161 1913111 11111111-
1111. Der 11111 11111 1 3631166611611, kurz 3611611611611130151611611 16156116116
Α1155611651 (d) 36111, 1116 36110111111611, 6111 11611651611 116611 11111611-101116
6115. Ι)16 1111-(1616 Α1111161111113 (is) (165 1111161165165 151 10111 Ans-semaam
1161113 3611611111. 1116 3611“ϋ111111(·11 11111 3 8166116111, (161611 1161· 611161611361,
363116(1611, 11ὄ1516116116111111611, (115161 kurz und (116111 36116(1611, (116 κ1161
1111113611 1116116116111111611, 363611 (165 Ende 6111561113 111112 116516611611 01161
3112611111, sind„ 6115365161161. 1)16 1116111· 161111611611 361161116 111111616 Ab-
11161111113 (ej (165 1111161165165 26116111 1116(16111111 111 2- 3 ΤΙ16116, 11616116
50110111 11111 8166116111 615 11111 130151611611, 1011 (1611611 6111136 611 50161161161
Ε(ιΐ]10)110·(1 61111116111, 1615611611 5111(1. Der 101(1616 (116561 ΤΙ16116 11631
21161 3611606116 8166116111 01161 5166116161111116116 130151611611, 501116 116611
61155611 6111 3611111116165 86116111611611 11111 2 36116(1611611 8166116111, 1011
(1611611 (161 61116 363116(1611, (161 andere proxim-dl 101611, 6136111111111111611
36116(1611 151. Der 111111616 (116561 Τ116116 151 11111 4 31011611. [1101111161 11161-
11611 516611616111111611611 130151611611 1615611611, 1011 (1611611 21161 611156111311111
611161 56111 (1111111611 365116111611 1161116116 6115365161161 5111(1; 116611 61155611
1011 (1165611 51661161] 2 1116111616 110151611611. Proxima] 1011 (1165611 5166-
ken 111 61116111 Α11561Ζ (165 Η11116116111165 (165 11115565 2 161136 1111(1 5611111616,
(115161 36116(16116 136151611611.

