162 W. LILLJEBORG„

Formo-es 31158611611(16 1111116 1162616111161611 Η1111611311(16 (165 Kopfes findet
51611 (135 86113111116, ganz kleine Α1111611111185018311 (Fig. 16, (11, Uber (165-
5611 Mitte (116 8611316 (111111161 151.

Die Vorderii'lhler (Fig. 18, a, stark 1618111556111 5111(1 1311861 315
1161 (1611 10118611 9111611, 868611 (135 Ει1(16 6111 1161118 1611111181. Ε11135
1111161 (161 Μ1116 (165 Υο1(1611311(165 5166111 (135 1111126 5611511116 130151011611.

Die Η11116111111161, 1161111 21111161( 861681, 161(·11611 611131115 Ζ111 Mitte
(161 86113161111131111611 11111; (116 8611111111111110151611611 sind 161611 86116(1611.

Die Obffl‘lippe (Fig. 151») 151 1116111 111116111111118 861108611.

1)16 Fas-se„ (165 1;51611 Ρ33165 (11118. 19, (1611661116, 101111111611)
5111(1 (1611]’61118611 (161 S. mmcronscz‘a 3111111611, 1161611611 31161 (13(1111011 ab„
(1355 (161· 11111611351 6111 56111 8105565, (1161165, 113611 111111611 8611111111111165
111160611111151611611 11381. Der Aussenast 1131 21161 868116(16116 Ε11(111ὄ151-
611611, (161611 611165 1116111671ἱ 151. Der 1161168116116 Α11113118 (165 1111161135165
151, 1116 1161 3 tstllc‘t'omcl‘a, 56111· 13118. 3111 Ε11(16 11111 61116111 81055611, 1311-
8611 1111(1 61116111 1111171861] 1311151611611 1615611611. 111 (16111 111-311113111106655
516611611 1Αἴ1 110151611611.

1116 Γ11556 (165 2;1611 Ρ33165 (1318. 20, (1611661116, 101111111611)
Ζ61(·1111611 51611 (1111611 (116 1901111 (165 ,61115561135165 1111(1 (165Μ3Χ1Ι1ἑί1ῬΓΟ-
(65565 501116 (1111611 (116 Ζ3111 (161 1315151611611 3111 111116113516 3115.

1116 Ρ11556 (165 3ε1611 Ρ33165 111118, 21, 1011 31155611 1111(1 311586-
111611611 11311611, 1111 1618161611 11111 (1611]’61118611 (161 1)31111111611, 6111611 11111-
κ61611 11111 611161· 861111861611 1311151611611713111 3115865131161611 Maxilliirpro-
6655. 311 (1655611 1111161611 14]11(16 6111 (16111 11111611351, 311111161161 Τ11611 51611
findet. 1116561 [1111611351 151 (115131 1011 (16111 8611311111611 Τ11611 (1611111611
11111 -1 11111Ζ611, 81011611 1311151611611 3115865131161. Ι)61 111155611351 151 216111-
fich kurz und 111611.

Die Γ11556 (165 4ε1611 1)·33165 1Τ311. XXIV, Fig. 1, 1011 31155611 1111(1
311586111611611 5111(1 116113611111611 1116111611, 11111 1116111616111 Maxillfirpl‘ocess
und (165 1111161135165 6111131186111(1.

Die 1311556 (165 5;1611 Ρ33165 111118. 21 511111111611 31111116151611 11111
(1611]61118611 1161 Hgsalmlastlm[rr 1111616111, 111(16111 (161 11111611351 161 (1611111611
151, 111 6111 8105565 [1015161161] 311513111611(1; 516 1161(·11611 31161 1011 (116561
Π11161831111118 (131111 ab, (1355 (161 Μ3ΧίΗέ11ῬΓωΟ655 (b) 1161118 entwiokelt
151. Del· Aussenast ((11 1131 1111 1111161611 Raude. 1116 1161 (1611 1)·31111111611
1111 Α11861116111611. 2 1311151611611.

Die Ρο115ἑ11ῑ6 (165 1111116111111111165 111118, 3, 611165 1111611611, stark
161811155611611 ΧΥ61116116115) 5111(1 1116111 3115861111(161 315 1161 (1611 10118611

