CLADOCERA SUECIAE. 377

Βὸ131611611 (θ’) 3111 11111161611 Τ116116 (163 11113363 3161111131 3111(1. Der Aus-
3611331 (jdfflFig. 6) 131 1011 (161 101(161611 Α1111161111113 (163111116113316311111
3611113611 311363161121, wie 36110111111611 311 (16111 13113611, 363116(1611611, (11-
3131 6111361113 11111236116(1611611 0(161 66313611611611 130131611611 1161111111611;
3111 Ε11(16 316611611 6111 3111336161 1111(1 21161 - (1161 1116111616 81361161611611.
1316 101(1616 Α1111161111113 (θ’) (163 1111161133163 1131 21161 Endbiirsfehen„
3111111611 (16111 13113611 (163 Α113361133163, aber 11111261 313 (116363 1111(1 1011
verschiedener (310336, 1611161 6111611 81361161 1111(1 1116111616 131136 Har—
611611. 1316 111111616 Α1)11161111113 (θ) desselben 1131 (1161 (16111116116 110131,-
6116111133611ᾶ6 86116111611611, 1011 (1611611 (133 1011161316 11111 -1 363116(1611611,
361111611 3111 (3161611116 36116(1611611 1311131611611, (133 1111111616 11111 3 363116-
(1611611, proxima] 111112 116313611611611, (113131 13113 1111(1 2161111161] 3101) 36116-
(1611611 8136116111, (133 11111161316 11111 4 36116(1611611 1111(1 36116(1611611 130131-
611611 3113363131161 3111(1, 1011 denen die beiden an das 1111111616 8611611)-
611611 316112611(1611 31113361, [1101111131 211 (1611 8611611 111112 116313611611 3111(1.
Ν3011 31133611 1011 (16111 111111161611 31166111 3113361116111 6111 1311131611611.

1316 Ρ11336 (163 2ε1611 Ρ33163 11113. 7, (161 1111116 1011 11111611) 61111-
11611] 21131 311 (116]61113611 (161 10113611 (131111113611, 3111(1 aber in 3611133611
Η111316111611 6136111111111111611 36113111. Α111 811616 (a) 11111161 31611 101116 6111
3103361 11111 21161 Β1111(16111 1311361 1361161111111113 3113361116116161 1611161
Βό1·31611611 0(161 Η31611611 161361161161 Fortsatz: 113611 31133611 (131011 3166111
(161 fast 6111111136116, 611133 361111111111116 3361131111116116 Anhang (ιζ’). Der
Maxillal‘proeess (1)) 131 313111 6111111611611, 3111 (113131611 Ε11(16 11111 3 13113-
11611611, 3111111111611, 116113311611 Ὲο1·13312611 0(161· 8136116111 1111(1 113611 (161
133313 11111 11111 61116111 9 363116(161·16 und gefiederte 1311131611611 113361111611
8611616611611 333363131161. 1361 ,1333611331 (jd) 131 31033, 0113161611 diinnq
11111 3 36116(1611611 130131611611, (161611 21161 363611 (116 133313 111611 3111(1,
sowie ausserdeln mit 4 feinen 1311131611611 1613611611. Der 11111611331 (γε)
131 31033 1111(1 111611, 11111. sehr 1161611, 2. Τ11. 111112611, 313611613111111611611
130131611611 3113363131161; (116 101(1616 311 (1611 Α1133611331 311316112611116
Α1111161111113 11331 21161 131136, 363116(16116, (113131 111112 36116(16116 1311131-
611611 301116 113611 31133611 (131011 21161 11161116 Ρ16(1611)”0131611611; (116 111111616
Α1011161111113 1131 6 363116(16116, 3136116131111116116, (113131 111112 36116(16116, 311
Lange 113611 111111611 abnehmende 1311131611611, 113611 31133611 1011 (1163611 4
kleine Fiederbijrstohem 301116 113611 11111611 111 (161 Ν3116 (163 Μ3Χ11131-
1110663363 (161611 61113.

1316 Ρ11336 (163 3ε1611 Ρ33163 (Ρ13. 8, (161 1661116 1011 11111611) 3111(1
denen des Oplzl'gsoaczcs sehr 3111111611. 1361 3361131111116116 Anhang (C) 131111
von einer 111-61161611 133313 1116111 0(161 1116111361 36111113] aus. 1361 Maxil-

Nova Acta Reg. Soc. Sc. Ups. Ser. 111. Impr. τ1111 1900. 48

