624 W. LILLJEBORG„

Die Fig. 4 616111 - 11136613 16131066611 — den Hinterkerper und
den Endsfiel (161 Form (131, 11616116 61611 311 (116 111 der Fig. 1 311361111-
(1616 Form 3116 Muoniovara, 1161111 1011 (16111 1011 (161 161661116(1611611
360313111116011611 11336 31111311313611 (3106661111111616011163 311366611611 11·11(1,
113116 3116011116661. 1316 1131136 (166 1101116116 (116666 111161111113166 1131 2
Mm.7 diejenige (166 Ε11(16116166 55 Mm. Ε6 11111(16 3111 17 ,111111 361311-
3611. 1316 611136 (116131 ven der Mitte, 0113161011 111611611611 61113 111 (161
Mitte, 1161636116 1111111111111113 161 (1611111611, 111 3611011111161161 1176166 11611311-
1161, 31161Ἴ wie 3116 (1611 113611 011611 3611611161611 1111116161611 81161111311611
61116111θ wie 1161 (16111 Exemplare 3116 Μ11011101313, 11111361161111. 131666
11336 161 (116 1161 311611 Weibehen 361101111116116.

[1111136116 6111(1 (116 1161(1611 81161111311611113316, wie bei jenem, 66111
11611 1011 6111311(161 1111(1 1011 (1611 131161111311611 6111161111. 831111111116116
1111311611 6111(1 66111 13113ἦ 113611 101116 36111111111111. Es 61111111113160 der
Endstiel 11111 (16111 ssu* (11666 Art typisehen 1111616111. Die Form 1131 111
(161 311363611611611 Ζ611 2161111161] 11311113 auf.

Die Fig. ἶ) 316111 (1611 61161160 613111 161’·31066611,611 Ε11(161161 1111(1
(1611 1-1111161111111161 611166 3111 14 ‚Iuli 311 (1611166111611 Ρ1111(10116 3613113611611
Exemplar&¹ wieder. 1316 1131136 (166 1111111616 11611113 2.1 Mm.7 (116]’611136
(166 Ε11(16116166 4.3 Mm. Es 11616111 (116666 1011 (16111 60611611 116611106116-
11611 11161111131 311ἦ 111(16111 66 sich 2113161611 (161 10113611 Art 11311611. 1316
21131 (16111116116 1111(1 1116 36110111111611 11611731111616 Κ11111111111113161 111136-
1116111 11611 111ὊΧ111131113116 von (161 Mitte (166 Ε11(16116166 116163611, (161
3116661“(16111 311 (161 133616 21611111611 1611116111 161. 13161133113611 After-
krallen (111(181161111311611 6111(1 1116111, 61113 3613(16 1111(1 21131 (11666 311 6111311-
der und 311 jene 3611311611, (13(1111611 311 (116 11336 (16166111611 1161(161
1ε61611 1111(1 2ε1611 13116131 (161 10113611 Art 61111116111(1, 131666 Ᾰ111111611-
11611 13111 31161 110611 1116111 1161 601611611 ΕΧ611111131611 auf„ bei denen die
Kri'lmmung (Fig. 6) 66111 11111213 161, 011116 11111616 8136116111, 31161 110611
1116111 1161 601611611, (1611611 8136116111 1361 33112 16111611ᾖ 111(16111 11111 11611136
66111 111112136 11611161111131 6111(1 111113. 7). Die beiden 161213611311111611 Fer-
111611 11113611 6111611 101161313113611 ῗ116133113 211 (1611]61113611, 11616116. 3111
17 ‚Juni und 3111 14 ‚Iuli 11111 (1611 60611611 116661111611611611 ΕΧ611111131611211-
63111111611 3613113611, 11111 (161 311611 Υ3116131 (161 10113611 Art 33112 111161-
6111611111111611. 1316 11131116 6111111111 11111 (161]’61113611 (161 3ε1611 Υ3116131 der
10113611 Λ1·1 1111616111.

’1336 Nc'mm‘lmz 161 mir unbekannt. XVahrseheinlic‘h 161 66 (16111
11131111611611 (161 :Men Variet-'cit (161 10113611 Art, 11111 11116113111116 (166 End-
6116166. (161 1131116611611111611 311 (1611]61113611 (166 11161116116116 6111111611, 3111111611.

