404 W. LILLJEBORG,

66 1661 (111111. 116611 1161116 6111166 1161161, 111611118161611 1116111616 1111(1 ]“’1”111-
8616 Individuen 1116(111861 1111(1 1116111Ί 161188661166111 6111(1. 1316 011616
Κ6111111 (166 Kopfes und (161 86116161111161111611 bildet 6111611 61161111166618611
1116111 1)66611(1616 616111611 1368611. 1316 1111116161] 8611616116611611 6111(1 61)-
8611111(161; 1111 (161 11111616 616611611 3j5 161116 116611111111611 86116111616
8686261166. 1316 1161611 Η11116111111(161 6111(1 1101111611. 1316 Π111611611ᾰθ1
6111(1 1161161116111118 86111111111111, 1111(1 2117111 so, (1666 616 6111 11161118 11111161·
(161 Μ1116 1161116Χ 1111(1 ]6(161’66116 (1611611 6616111 1161111611 6111(1. 131666
1111116611 61618611 116611 1161116 1116111 6(161 116111861 6111111 11111. (1111611 61116
111111116111118 111 (1611 Vorderrand iibergehend. 1316661 611161-618611(16 Τ11611
161. 81616111116. (116 verder& 13116111 (166 1ῗ111611611(166. 11111 1111112611 1311161-
611611 11116866161161.

Yon 611611 1161 866611611 (Tab. LXII„ Fig. 1) 161 616 616111 Ζ1166111111611-
8661116111. 1111 (16111 1161116 1111(1 (116 11111111116611616 6111161181111161116111 661161-
1611 Κ1616 1’616(11611. (161 611 Ι16116111 161116 111 611161 11611161168611(1611
8111126 (111(1181. Die Fornices 61611611 116111861 616 (116 8611611 (161 Rumpf-
6611616 ab7 (161611 Α1166116111111118 jedoch je 116611 (16111 Alter und (161 Α11-
1111111118 (161· 1311111161116 611166 11616611166611 161. 1316 86116161111161111611 6111(1
(161 11111186 1111611 116861116111118 866116111; bei 61611161 Υ6181ὄ666111118 wird
1111611 61116 (1111611 (116 811611611 111611Ζ611(16 (3116111111611 116111618611116116
11611111111111118 11611161111.

1161- [(6111 (von (161· 86116) 161 11166618 81666, 661116 8611616, 1116 bei (161
1161116118 61611 61816111, 116611 111111611 11111 iiber (1611 1611161611 Τ11611 (166 Ρ611-
6611111111] 61611 611’6(·11611(1. ΕΓ 161 1116111 11611111161861168611, 111611116611611 (116
1”11161’1·ἑί11(1(·1 (161 Ιί61116611616 861116111111611 11111 (161 116118611661166 (166 1111111616
1116111 811117. 1111161161. 6611(16111 611166 116611 11111611 86116181 6111(1. 1316 611616
1111111 (116 vordero Κ6111111 11116611 6111611 611611111116618611 1368611, (161 611111
(161 Ν11116 (161· 6611611611 116611111161111κ6 6611116611 1161111111 161, 1366 Α1186
161 1116111. 11111 (1611111611611 1111161611-131116611, 86116111111611 6111166 81116661,
111161 111111111161· 1611 (16166111611 13116666, wie (161 11118611116611. 1361(16 6111(1
11611 (16111 11(11)(161611-61161611. 6611116 von (1611 1111161611 1111116611] (166 11611166
11611 6111161111. An (161 (31161111111611118. 2. Τ111). LXIL von (161 861161
findet 61611 6111 [1611111611 8166661. 1111816161116111118 8611111(16161 Zipfel 6(161
1416116111Ζ.

Dic Υ61(1611“1’111161 (1918. 2) 6111(1 161188661166111κ 868611 (166 (1161616
{inde 6111116 1611111181. Das sensifive 136161611611 6166111111111611111(161
Ν11116 (1661 11111166. Yon (1611 1111611611111611 6111(1 Ζ11’61 1161111611111611 11111861
als (116 1111118611.

