88 W. 111111Ε66116,

ist 1161 Ζ116116 11161 611611 66 31666 1116 1161 61616; 1116 Ε1111κ11111611 haben
11111 je 3 81116116111 111 11611 116111611, was anzudeuten 6611611117 dass 616
61116 16111111111116116 Foru] 161. 11116 Ρ111116 11111 bald grauweiss„ bald
3111111161611, 1111111 11161 11111111111611. Sie 11111 11161117111111161611 auf. Α11611
11116 1161111111 1111636111111616 111111111611611 1111111 11111 111 3611111361 Anzahl 101.
111 61116111 1161 161361111611 1111116, 111) 1161 61111166111161166116 Ν16116166111113
16161111611 361166611, 1111111 1611 616 Mitte 111131161111111113 1111 116166111611 Sta-lle.
Die Farbo 111111 1116 11111136 1166 86111116116111611616 11111611 111666111611 11161111
16113611 11111116ἢ aber 1161 Kisa-por 11111 1)611611161111 31136661· - 2.τ<,> Mm.
111113· -ᾈ 111111 11161161, 11111 11-12 14116111 111 1161 13111111151116. Α11611 1111111611
1161111111 1111636111111616 Μὲί1111611611 von 126 11111111111136 111111, 1616111Ζ6116
611111111111111111113611116 ΧΥ611)611611 111136111111611.

Die Fig. 7 316111 61116 111111616 86111111611111111, 11616116 1111611 1161
Dal-dr& 111 611161 11111161611 111161166111161111611 Wasserpffifze 1111 Walde 11111 8
‚Juli 36111113611 11111116. 11161161. 816 11111 611111 61) 311166 1116 1116 111 Fig.
ᾗ 111611613636116116, 3661166111, 11111 6111111 116111111161 111116161 Profilkontur
1166 11611166ἦ 11111 11111Ζ6111 Rostrum und 3111666111 1311136ἢ 11111716111 8611111611-
611161161 661116 66111 16111611ἢ 1,)1611611611 11611111116 1116113611111611 811161161611611
1161 11111111111111611. 816 11111 66111 1111161161611113ἢ 1611 31111111616661 11111136.
816 11111 κ1611111611 211111161611 11111. ,16116611 1111111611 1161161 111111111611611 110611
66111111111111111113611116 ΧΥ6111111611 zum Υ6161116111 111111 Ζ11111 1113· 11161111 1161
(11111111 dmum„ 111166 616 111111161111 11161116161 1111361111611 ,161116 1111 1161661-
ben 816116 1116111 11161161361111111611 11111116.

1)16 11113, 8 1111111 61116 8611111161161·111 1611 611111 (1616616611 (11111666
1116 1116 161κ1361111111116. 11111 22 ,111111 111 611161· 111161166111161111611 1)11“11Ζ6 111
1161 (16361111 1611 [psal-(1 11113611611611. 1111. 816 161 6116111131 1611111111111611,
11111 66111· 1161113611 81111111161616111. Der lfflrper 161 611111116611-61111Ἶ 11111
31666611] 1161116, 11111 3111666111 111136 11111111111361118611111611611161161. 816
11111 66111· 1111161161611113, 311111116166.

111 1161· 11113, 11 161 61116 11111 Ephippimn 1111636611111616 86111111611111111
11161161363611611, 11616116 11111 (5 ‚Iuni bei 1Ῡ]ι611111. 111 61116111 111161166111161111611
111116661311111611611 36111113611 11111116. 11116 11111136, 1111116 861161611611161161,
11611113 16 Λ11111. Der Kopf 161 Ζ1611111611 31·1»66; 661116 Profflkontm· 1111611
111111611 olm-hall) 1166 11661111111 11111161 6111611 61161161] 11111111111611 1363611.
1)116 61111111111131111116 Ephippimn 6111111111 21161 111616111111111136 16111111116
Ε161·; 1111 661116111 11111161611116 11111161 61611 1161· 116111161111611 16111161116 861111-
161161111··1161. [11111616 1111 116166111611 816116 3161611Ζ61113 1611611116 Exemplar&
11111611 31116661, 11111, 1116111 116111111161 111116161 1)1’11111κ6111111 1166 Κ1>Ρ166
6111116 11111 111113616111 8611111611611161161. Μί1 11166611 κ1161111111161111111 61116

